2357111317192329313741434753596167717379838997101103107109113127131137139149151157163167173179181191193197199211223227229233239241251257263269271277281283293307311313317331337347349353359367373379383389397401409419421431433439443449457461463467479487491499503509521523541547557563569571577587593599601607613617619631641643647653659661673677683691701709719727733739743751757761769773787797809811821823827829839853857859863877881883887907911919929937941947953967971977983991997709
719
727
733
739
743
751
757
761
769
773
787
797
809
811
821
823
827
829
839
853
857
859
863
877
881
883
887
907
911
919
929
937
941
947
953
967
971
977
983
991
997
